T0:8628.170073693851
T1:-0.022224215312208778
