T0:8597.258510807053
T1:-0.02192519515708733
